616

Numeri

mm-

aunt-ond

281

ἓξὲἔὲἓὲἓὲἓξξἓὲἓὲἓὲἓὲἓὲἒὲἕὲἕὲἓὲἓὲ

300
301
303
304
305
306
307
308
309
320
321
295
310
311
312
313
314
315
316
317
318
322
323
329
330
324
331
332
326
341

327

wmALm nrm-out

Numeri

Unu-
finni-md

314 333
315 334
316 335
317
318 337
319
320
321
322
323
324
325

ἕ

326
327
328
329
330
331
332

ἓέἓέἓὲἕξὲἓὲἒὲἕ

Numeri

nuu-

animm

347
348
349
350
351
352
353
354
355
356
357
358
359
360
361
362
363
364
365

’366

367
368
369
370
371
372
373
374
375
376
377
378
379

376
377
368
369
370
373
383
387
37 8
380
381
379

391
395

396

397

398

Numeri

'¹9¹⁴‘- .
κιαι-ι

380 399
381 401
382 402
383 403

384ἱὲἓέ

385 407
386 409
387 410
388 411
389 414
390 415
391 416
392 417
393 425
394 426
395 427
396 428
397 429
398 413
399 422
400 418
401 419
402 420
403 421
404 430
405 431
406 423
407 424
408 432
409 433
410 442

Numeri
Nub-

ιὶιι· todi
411 443
412 446
413 441
414 444
415 445
416 , 450
417 447

418 448

ἓξὲξ
ἓξὲξὲ

ἓὲξὲἓὲἕξὲἓὲἒξέἒὲἒὲἒ
ἓὲἒὲἓὲἒξξὲἓέἒὲἓ

Ξ
ἕ

